0 0.8921875 0.2484375 0.1 0.465625
0 0.609375 0.28203125 0.0765625 0.28984375
0 0.53046875 0.25390625 0.09296875 0.2796875
0 0.5609375 0.7453125 0.06640625 0.315625
0 0.6296875 0.7515625 0.06484375 0.3390625
0 0.69453125 0.7390625 0.0640625 0.421875
0 0.7640625 0.73359375 0.0578125 0.41171875
0 0.8375 0.76640625 0.0578125 0.434375
0 0.9109375 0.75078125 0.08828125 0.4453125
0 0.73515625 0.26171875 0.078125 0.40390625
0 0.67265625 0.28203125 0.03515625 0.33671875
0 0.8015625 0.2640625 0.075 0.41953125