0 0.68125 0.875 0.1890625 0.221875
0 0.6796875 0.13359375 0.16875 0.2671875
0 0.30390625 0.109375 0.153125 0.18125
0 0.1328125 0.61171875 0.265625 0.2578125
0 0.334375 0.88671875 0.1875 0.2265625
0 0.64609375 0.85703125 0.228125 0.275
0 0.8234375 0.86171875 0.178125 0.196875
0 0.88359375 0.49296875 0.2328125 0.2046875
0 0.4734375 0.1515625 0.228125 0.303125
0 0.1296875 0.20234375 0.2203125 0.3109375
0 0.09296875 0.31796875 0.1859375 0.2921875
0 0.4421875 0.8890625 0.190625 0.221875
0 0.171875 0.93515625 0.1875 0.1296875
0 0.9015625 0.68515625 0.196875 0.2390625