0 0.66484375 0.878125 0.1703125 0.2328125
0 0.740625 0.13515625 0.1375 0.2703125
0 0.3734375 0.084375 0.1359375 0.1609375
0 0.1375 0.55390625 0.275 0.2328125
0 0.3203125 0.86796875 0.1625 0.2640625
0 0.6328125 0.8578125 0.2046875 0.2796875
0 0.8046875 0.8796875 0.1625 0.209375
0 0.89765625 0.51328125 0.2046875 0.1796875
0 0.5375 0.140625 0.196875 0.28125
0 0.19296875 0.15703125 0.1890625 0.284375
0 0.1125 0.26171875 0.225 0.2703125
0 0.428125 0.87578125 0.16875 0.2484375
0 0.1546875 0.90703125 0.16875 0.1859375
0 0.90546875 0.70625 0.1890625 0.2125