0 0.63046875 0.88359375 0.14921875 0.23203125
0 0.75 0.14453125 0.1125 0.2890625
0 0.40234375 0.08359375 0.11953125 0.16640625
0 0.1359375 0.5265625 0.26875 0.2109375
0 0.30078125 0.86015625 0.13671875 0.278125
0 0.59921875 0.85859375 0.1796875 0.2703125
0 0.76484375 0.8953125 0.140625 0.20859375
0 0.890625 0.53828125 0.21796875 0.15859375
0 0.55546875 0.14453125 0.1734375 0.2890625
0 0.225 0.14609375 0.1625 0.27578125
0 0.1203125 0.24296875 0.23984375 0.24609375
0 0.4 0.86875 0.1453125 0.2625
0 0.13671875 0.890625 0.14921875 0.21875
0 0.8921875 0.7234375 0.215625 0.190625