0 0.09765625 0.35703125 0.15 0.53359375
0 0.26015625 0.471875 0.1015625 0.2953125
0 0.09921875 0.7921875 0.08671875 0.2796875
0 0.2484375 0.7765625 0.10390625 0.30546875
0 0.40859375 0.69140625 0.13828125 0.46640625
0 0.5828125 0.765625 0.10234375 0.3203125
0 0.746875 0.73671875 0.128125 0.38203125
0 0.90625 0.69453125 0.1484375 0.48671875
0 0.8984375 0.25390625 0.11015625 0.34140625
0 0.75 0.27734375 0.13046875 0.39765625
0 0.5796875 0.33203125 0.15 0.4921875
0 0.4078125 0.24921875 0.11875 0.34140625
0 0.259375 0.20234375 0.10859375 0.23828125